1 1 10.0 2.01 0 0 3.17 31.73 31.73
2 1 3.09 1.75 25 25 2.41 7.43 39.16
3 1 1.22 1.02 60 60 0.82 1.00 40.16
4 2 0.800 0.760 28 63 0.91 0.73 40.89
5 4 1.27 0.650 30 60 1.33 1.69 42.57
6 8 1.25 0.579 17 58 2.11 2.63 45.20
7 16 0.827 0.454 22 68 2.59 2.14 47.35
8 32 0.988 0.355 31 51 3.17 3.13 50.48
9 64 0.798 0.278 37 52 3.88 3.10 53.58
10 128 0.557 0.216 38 47 4.69 2.61 56.19
11 256 0.401 0.158 43 45 5.02 2.01 58.20
12 512 0.350 0.118 46 45 5.60 1.96 60.16
13 1024 0.250 0.088 47 60 6.23 1.56 61.72
14 2048 0.194 0.070 48 60 7.88 1.53 63.25
15 4096 0.143 0.058 52 60 10.82 1.55 64.79
16 8192 0.119 0.053 45 60 18.07 2.15 66.94
17 16384 0.102 0.049 45 60 30.90 3.15 70.09
18 32768 0.089 0.047 45 60 56.85 5.06 75.15
19 65536 0.078 0.045 45 60 104.23 8.13 83.28
20 131072 0.070 0.044 45 60 199.30 13.95 97.23
21 262144 0.063 0.044 45 60 398.60 25.11 122.34
22 524288 0.057 0.043 45 60 761.37 43.40 165.74
23 1048576 0.053 0.043 45 60 1522.74 80.71 246.45
24 46200000 0.025 0.030 45 60 0.0 596.26 842.71
1 1 10.0 2.01 0 0 3.17 31.73 31.73
2 1 3.09 1.75 25 25 2.41 7.43 39.16
3 1 3.02 1.33 15 5 1.39 4.20 43.36
4 1 2.27 0.720 25 35 0.41 0.92 44.28
5 2 1.34 0.620 18 35 0.60 0.81 45.09
6 4 1.63 0.528 28 33 0.88 1.43 46.52
7 8 1.04 0.376 18 30 0.89 0.92 47.44
8 16 1.04 0.317 31 31 1.26 1.31 48.76
9 32 0.691 0.268 38 32 1.81 1.25 50.00
10 64 0.527 0.199 45 49 1.99 1.05 51.05
11 128 0.394 0.147 50 45 2.17 0.86 51.91
12 256 0.266 0.106 52 45 2.26 0.60 52.51
13 512 0.225 0.083 49 60 2.77 0.62 53.13
14 1024 0.172 0.064 54 60 3.29 0.57 53.70
15 2048 0.118 0.051 49 60 4.18 0.49 54.19
16 4096 0.105 0.048 45 60 7.41 0.78 54.97
17 8192 0.091 0.046 45 60 13.61 1.24 56.21
18 16384 0.080 0.044 45 60 24.91 1.99 58.20
19 32768 0.072 0.044 45 60 49.82 3.59 61.79
20 65536 0.066 0.043 45 60 95.17 6.28 68.07
21 131072 0.061 0.043 45 60 190.34 11.61 79.68
22 262144 0.056 0.043 45 60 380.69 21.32 101.00
23 524288 0.053 0.043 45 60 761.37 40.35 141.35
24 23100000 0.025 0.030 45 60 0.0 298.13 439.48
1 1 10.0 2.01 0 0 3.17 31.73 31.73
2 1 3.09 1.75 25 25 2.41 7.43 39.16
3 1 3.02 1.33 15 5 1.39 4.20 43.36
4 1 0.880 1.01 5 5 0.80 0.71 44.06
5 2 1.09 0.800 23 28 1.01 1.10 45.16
6 4 1.33 0.650 31 36 1.33 0.86 46.02
7 8 1.22 0.583 29 34 2.14 2.61 48.63
8 16 0.796 0.471 33 30 2.79 2.22 50.85
9 32 0.803 0.367 31 27 3.39 2.72 53.57
10 64 0.880 0.347 34 35 6.05 5.33 58.89
11 128 0.900 0.317 24 38 10.10 9.09 67.98
12 256 0.591 0.249 30 44 12.47 7.37 75.35
13 512 0.449 0.181 38 39 13.17 5.92 81.27
14 1024 0.337 0.134 51 47 14.44 4.87 86.13
15 2048 0.257 0.101 55 60 16.41 4.22 90.35
16 4096 0.222 0.077 59 60 19.07 4.23 94.58
17 8192 0.158 0.066 56 60 28.04 4.43 99.01
18 16384 0.131 0.058 45 60 43.29 5.67 104.68
19 32768 0.110 0.054 45 60 75.05 8.26 112.94
20 65536 0.094 0.051 45 60 133.88 12.58 125.52
21 131072 0.082 0.048 45 60 237.18 19.45 144.97
22 262144 0.072 0.046 45 60 435.66 31.37 176.34
23 524288 0.064 0.045 45 60 833.84 53.37 229.71
24 1048576 0.058 0.044 45 60 1594.39 92.47 322.18
25 2097152 0.053 0.043 45 60 3045.49 161.41 483.59
26 92300000 0.025 0.030 45 60 0.0 1191.22 1674.82
1 1 10.0 2.01 0 0 3.17 31.73 31.73
2 1 5.63 1.38 40 15 1.50 8.42 40.15
3 1 1.45 1.03 35 50 0.83 1.21 41.36
4 2 1.08 0.835 30 18 1.10 1.18 42.54
5 4 1.02 0.640 21 35 1.29 1.31 43.86
6 8 1.09 0.535 15 33 1.80 1.96 45.82
7 16 1.02 0.426 25 45 2.28 2.33 48.14
8 32 0.751 0.341 28 37 2.92 2.19 50.34
9 64 0.832 0.307 28 42 4.74 3.94 54.28
10 128 0.555 0.234 25 49 5.50 3.06 57.33
11 256 0.482 0.178 34 43 6.37 3.07 60.40
12 512 0.388 0.135 34 44 7.33 2.84 63.25
13 1024 0.343 0.100 41 60 8.04 2.76 66.01
14 2048 0.267 0.078 47 60 9.79 2.61 68.62
15 4096 0.215 0.061 55 60 11.97 2.57 71.19
16 8192 0.175 0.055 45 60 19.46 3.41 74.60
17 16384 0.144 0.051 45 60 33.47 4.82 79.42
18 32768 0.118 0.048 45 60 59.30 7.00 86.41
19 65536 0.098 0.047 45 60 113.70 11.14 97.56
20 131072 0.082 0.045 45 60 208.46 17.09 114.65
21 262144 0.071 0.044 45 60 398.60 28.30 141.95
22 524288 0.060 0.044 45 60 797.20 47.83 190.78
23 1048576 0.053 0.043 45 60 1522.74 80.71 271.49
24 46200000 0.025 0.030 45 60 596.26 867.75
1 1 10.0 2.01 0 0 3.17 31.73 31.73
2 1 5.63 1.38 40 15 1.50 8.42 40.15
3 1 1.42 1.15 25 10 1.04 1.47 41.63
4 2 1.33 0.905 48 55 1.29 1.71 43.34
5 4 1.13 0.680 25 48 1.45 1.64 44.98
6 8 0.891 0.559 31 41 1.96 1.75 46.73
7 16 1.02 0.454 22 39 2.59 2.64 49.37
8 32 0.836 0.365 27 37 3.35 2.80 52.17
9 64 0.778 0.316 27 36 5.02 3.91 56.07
10 128 0.771 0.298 28 36 8.93 6.88 62.96
11 256 0.611 0.286 31 46 16.45 10.05 73.01
12 512 0.544 0.211 40 45 17.90 9.74 82.75
13 1024 0.431 0.146 46 48 17.14 7.39 90.13
14 2048 0.302 0.102 50 60 16.73 5.05 95.19
15 4096 0.224 0.076 52 60 18.58 4.16 99.35
16 8192 0.188 0.061 54 60 23.94 4.50 103.85
17 16384 0.152 0.055 45 60 38.93 5.92 109.77
18 32768 0.124 0.051 45 60 66.94 8.30 118.07
19 65536 0.103 0.049 45 60 123.58 12.73 130.80
20 131072 0.087 0.047 45 60 227.40 19.78 150.58
21 262144 0.076 0.046 45 60 435.66 33.11 183.69
22 524288 0.066 0.045 45 60 833.84 55.03 238.73
23 1048576 0.059 0.044 45 60 1594.39 94.07 332.79
24 2097152 0.053 0.043 45 60 3045.49 161.41 494.21
25 92300000 0.025 0.030 45 60 0.0 1191.22 1685.43